00100
00100
00100
00000
00100

01010
01010
00000
00000
00000

01010
11111
01010
11111
01010

01111
10100
01110
00101
11110

11001
11010
00100
01011
10011

11000
10010
01100
10010
01101

01000
01000
00000
00000
00000

00100
01000
01000
01000
00100

00100
00010
00010
00010
00100

01010
00100
01010
00000
00000

00000
00100
01110
00100
00000

00000
00000
00100
00100
01000

00000
00000
01110
00000
00000

00000
00000
00000
00000
10000

00001
00010
00100
01000
10000

01110
10011
10101
11001
01110

01100
10100
00100
00100
11111

11110
00001
00110
01000
11111

11110
00001
01110
00001
11110

10010
10010
11111
00010
00010

11111
10000
11110
00001
11110

01111
10000
11110
10001
01110

11111
00001
00010
00100
01000

01110
10001
01110
10001
01110

01110
10001
01111
00001
01110

00000
01000
00000
01000
00000

00000
01000
00000
01000
11000

00010
00100
01000
00100
00010

00000
01110
00000
01110
00000

01000
00100
00010
00100
01000

01110
00010
00100
00000
00100

01110
10001
10111
10110
01111

00100
01010
10001
11111
10001

11110
10001
11110
10001
11110

01111
10000
10000
10000
01111

11110
10001
10001
10001
11110

11111
10000
11110
10000
11111

11111
10000
11110
10000
10000

01111
10000
10111
10001
01111

10001
10001
11111
10001
10001

11111
00100
00100
00100
11111

11111
00010
00010
00010
01100

10001
10010
11100
10010
10001

10000
10000
10000
10000
11111

10001
11011
10101
10001
10001

10001
11001
10101
10011
10001

01110
10001
10001
10001
01110

11110
10001
11110
10000
10000

01110
10001
10001
10010
01101

11110
10001
11110
10100
10010

01110
10000
01110
00001
01110

11111
00100
00100
00100
00100

10001
10001
10001
10001
01110

10001
10001
10001
01010
00100

10001
10001
10001
10101
01010

10001
01010
00100
01010
10001

10001
01010
00100
00100
00100

11111
00001
01110
10000
11111

01100
01000
01000
01000
01100

10000
01000
00100
00010
00001

00110
00010
00010
00010
00110

00100
01010
00000
00000
00000

00000
00000
00000
00000
11111

00100
00010
00000
00000
00000

00000
01110
10010
10010
01101

10000
10000
11110
10001
11110

00000
01110
10000
10000
01110

00001
00001
01111
10001
01111

01100
10010
11110
10000
01110

00110
00100
01110
00100
00100

00111
01001
00111
00001
01110

10000
10000
11110
10001
10001

00000
00100
00000
00100
00100

00100
00000
00100
00100
01100

10000
10010
11100
10010
10001

01100
00100
00100
00100
01110

00000
00000
01010
10101
10101

00000
10110
11001
10001
10001

00000
01100
10010
10010
01100

00000
11100
10010
11100
10000

00000
01110
10010
01110
00011

00000
10110
11000
10000
10000

00110
01000
00100
00010
01100

00100
01110
00100
00100
00110

00000
10010
10010
10010
01101

00000
00000
10001
01010
00100

00000
00000
10101
10101
01010

00000
00000
01010
00100
01010

00000
10001
01010
00100
11000

00000
11110
00100
01000
11110

00100
01000
11000
01000
00100

00100
00100
00100
00100
00100

00100
00010
00011
00010
00100

