		Model:
mat4x4(
(1.000000, 0.000000, 0.000000, 0.000000), 
(0.000000, 1.000000, 0.000000, 0.000000), 
(0.000000, 0.000000, 1.000000, 0.000000), 
(0.000000, 0.000000, 0.000000, 1.000000))
-----------------------------------------

		View:
mat4x4(
(0.000000, 0.000000, 1.000000, 0.000000), 
(0.000000, 1.000000, -0.000000, 0.000000), 
(-1.000000, 0.000000, -0.000000, 0.000000), 
(-0.000000, -0.000000, -4.000000, 1.000000))
-----------------------------------------

		Projection:
mat4x4(
(0.347270, 0.000000, 0.000000, 0.000000), 
(0.000000, 0.617370, 0.000000, 0.000000), 
(0.000000, 0.000000, -1.002002, -1.000000), 
(0.000000, 0.000000, -0.200200, 0.000000))